%q = 3
%q = 3
%q = 3
%q = 3
%q = 3
%q = 3
%q = 3
%q = 3
%q = 3
%matrice complete A
A = [-5 7 9 8 0 5 -1 6 -2 ;-3 9 9 -3 6 8 -8 -3 5 ;-5 1 3 -3 2 2 -9 -5 2 ;1 8 7 6 9 0 0 8 -4 ;9 6 -9 -8 -10 1 -9 -2 1 ;-8 -9 -10 -7 -4 1 3 -8 -3 ;-8 4 4 3 9 6 -9 -2 -10 ;4 -6 -8 -1 3 -9 -2 -10 3 ;-6 9 5 -8 -7 -7 5 2 -4 ;]
%matrice complete B
B = [-3 -9 -5 7 -4 -9 -6 7 -10 ;9 6 -8 -8 8 -8 -5 -4 -1 ;8 -2 7 -7 0 0 -5 -4 9 ;-9 0 -6 5 2 -1 7 -3 -5 ;-3 -1 -6 -9 -9 2 -6 5 9 ;-1 -5 -3 9 8 4 -3 -6 5 ;9 -4 7 -5 6 -10 2 5 4 ;-6 -7 9 -10 6 2 -5 7 -6 ;1 -3 -9 -8 3 8 -8 -7 -8 ;]
%matrice complete C
C = [26 12 34 -108 156 7 -25 -102 85 ;114 55 -164 -123 37 116 -194 -198 157 ;18 98 -88 0 -58 148 -38 -138 97 ;-8 -28 -2 -205 27 -77 -101 58 80 ;-12 25 -141 194 31 -43 -54 -23 -254 ;9 90 81 185 -49 77 185 -5 87 ;-47 129 -45 17 -59 85 29 -77 264 ;-76 55 -144 105 -228 7 70 55 -91 ;268 118 193 -202 117 -130 5 0 78 ;]
